
201, 205x156 vezes, 187
186, 32x60, 77, 69, 78, 85, 32x60, 186    
204, 205x156, 185
186, 32x156, 186
186, 32x156, 186
186, 32x156, 186
186, 32x55, 49, 32, 240, 32, 74, 111, 103, 97, 114, 32x89 186
186, 32x156, 50, 32, 240, 32, 73, 110, 116, 114, 117, 99, 111, 101, 115, 186
186, 32x156, 51, 32, 240, 32, 82, 97, 110, 107, 105, 110, 103, 186
186, 32x156, 52, 32, 240, 32, 67, 114, 101, 100, 105, 116, 111, 115, 186
186, 32x156, 53, 32, 240, 32, 83, 97, 105, 114, 186
186, 32x156, 186
186, 32x156, 186
186, 32x156, 186
186, 32x156, 186
186, 32x156, 186
200, 205x 156, 188
