201205205205205205205205205205205205205205205205205205205205205205205205205205205205205205205205205205205205205205205205205205205205205205205205205205205205205205205205205205205205205205205205205205205205205205205205205205205205205205205205205205205205205205205205205205205205205205205205205205205205205205205205205205205205205205205205205205205205187
18632323232323232323232323232323232323232323232323232323232323232323232323232323232323232323232323232327769788532323232323232323232323232323232323232323232323232323232323232323232323232323232323232323232323232323232323232323232323232186
204205205205205205205205205205205205205205205205205205205205205205205205205205205205205205205205205205205205205205205205205205205205205205205205205205205205205205205205205205205205205205205205205205205205205205205205205205205205205205205205205205205205205205205205205205205205205205205205205205205205205205205205205205205205205205205205205205205205185
18632323232323232323232323232323232323232323232323232323232323232323232323232323232323232323232323232323232323232323232323232323232323232323232323232323232323232323232323232323232323232323232323232323232323232323232323232323232323232186
18632323232323232323232323232323232323232323232323232323232323232323232323232323232323232323232323232323232323232323232323232323232323232323232323232323232323232323232323232323232323232323232323232323232323232323232323232323232323232186
18632323232323232323232323232323232323232323232323232323232323232323232323232323232323232323232323232323232323232323232323232323232323232323232323232323232323232323232323232323232323232323232323232323232323232323232323232323232323232186
186323232323232323232323232323232323232323232323232323232323232323232323232323232323232323232493224032741111039711432323232323232323232323232323232323232323232323232323232323232323232323232323232323232323232323232323232323232323232323232186
1863232323232323232323232323232323232323232323232323232323232323232323232323232323232323232325032240327311011611411799111101115323232323232323232323232323232323232323232323232323232323232323232323232323232323232323232323232323232323232323232186
18632323232323232323232323232323232323232323232323232323232323232323232323232323232323232323251322403282971101071051101033232323232323232323232323232323232323232323232323232323232323232323232323232323232323232323232323232323232323232323232186
1863232323232323232323232323232323232323232323232323232323232323232323232323232323232323232325232240326711410110010511611111532323232323232323232323232323232323232323232323232323232323232323232323232323232323232323232323232323232323232323232186
18632323232323232323232323232323232323232323232323232323232323232323232323232323232323232323253322403283971051143232323232323232323232323232323232323232323232323232323232323232323232323232323232323232323232323232323232323232323232323232186
18632323232323232323232323232323232323232323232323232323232323232323232323232323232323232323232323232323232323232323232323232323232323232323232323232323232323232323232323232323232323232323232323232323232323232323232323232323232323232186
18632323232323232323232323232323232323232323232323232323232323232323232323232323232323232323232323232323232323232323232323232323232323232323232323232323232323232323232323232323232323232323232323232323232323232323232323232323232323232186
18632323232323232323232323232323232323232323232323232323232323232323232323232323232323232323232323232323232323232323232323232323232323232323232323232323232323232323232323232323232323232323232323232323232323232323232323232323232323232186
18632323232323232323232323232323232323232323232323232323232323232323232323232323232323232323232323232323232323232323232323232323232323232323232323232323232323232323232323232323232323232323232323232323232323232323232323232323232323232186
18632323232323232323232323232323232323232323232323232323232323232323232323232323232323232323232323232323232323232323232323232323232323232323232323232323232323232323232323232323232323232323232323232323232323232323232323232323232323232186
18632323232323232323232323232323232323232323232323232323232323232323232323232323232323232323232323232323232323232323232323232323232323232323232323232323232323232323232323232323232323232323232323232323232323232323232323232323232323232186
200205205205205205205205205205205205205205205205205205205205205205205205205205205205205205205205205205205205205205205205205205205205205205205205205205205205205205205205205205205205205205205205205205205205205205205205205205205205205205205205205205205205205205205205205205205205205205205205205205205205205205205205205205205205205205205205205205205205188
